2018-07-10(Day 2)    1178893619
2018-07-11(Day 3)    881652813
2018-07-12(Day 4)    577874179
2018-07-13(Day 5)    726573638
2018-07-14(Day 6)    429502607
2018-07-15(Day 0)    457510266
2018-07-16(Day 1)    726836051
2018-07-17(Day 2)    780771222
2018-07-18(Day 3)    942838129
2018-07-19(Day 4)    851811050
2018-07-20(Day 5)    769355518
2018-07-21(Day 6)    742505060
2018-07-22(Day 0)    721406267
2018-07-23(Day 1)    721877067
2018-07-24(Day 2)    691572301
2018-07-25(Day 3)    745721608
2018-07-26(Day 4)    521242498
2018-07-27(Day 5)    634032366
2018-07-28(Day 6)    542655282
2018-07-29(Day 0)    463923949
2018-07-30(Day 1)    579967551
2018-07-31(Day 2)    472821564
2018-08-01(Day 3)    455602203
2018-08-02(Day 4)    1002507667
2018-08-03(Day 5)    448031914
2018-08-04(Day 6)    431085833
2018-08-05(Day 0)    404596544
2018-08-06(Day 1)    452236866    0.62,0.36,0.02    938,255,2296,6669,50266,26911
2018-08-07(Day 2)    373480284    0.62,0.36,0.02    938,255,2296,6669,50266,26911
2018-08-08(Day 3)    332345035    0.70,0.28,0.02    931,282,5003,1706,21334,5240
2018-08-09(Day 4)    376183144    0.64,0.32,0.04    918,285,1873,1336,24179,11571
2018-08-10(Day 5)    528656791    0.64,0.33,0.03    931,290,1972,2301,42677,20790
2018-08-11(Day 6)    606428383    0.63,0.35,0.03    938,255,2296,6669,50266,26911
2018-08-12(Day 0)    630755893    0.62,0.36,0.02    944,232,2045,1250,49828,27410
2018-08-13(Day 1)    498405697    0.64,0.34,0.03    989,285,1928,1183,40723,19585
2018-08-14(Day 2)    414902832    0.56,0.41,0.03    1025,292,1856,1442,23816,18830
2018-08-15(Day 3)    450572982    0.51,0.45,0.03    1025,350,1943,6084,21666,21816
2018-08-16(Day 4)    459339814    0.56,0.41,0.03    1039,304,1767,1199,23831,22119
2018-08-17(Day 5)    613021238    0.47,0.51,0.02    1025,300,1765,37136,27341,21856
2018-08-18(Day 6)    538878783    0.55,0.43,0.02    1023,259,2049,6492,29082,23935
2018-08-19(Day 0)    518753169    0.57,0.41,0.02    1036,248,2446,7916,28454,22476
2018-08-20(Day 1)    694034281    0.65,0.33,0.02    1149,306,3214,2811,48737,24040
2018-08-21(Day 2)    799016096    0.66,0.33,0.02    1170,312,2768,3857,63406,25184,2831,14
2018-08-22(Day 3)    664199015    0.65,0.34,0.02    1147,290,2229,4504,50423,19215,2831,14
2018-08-23(Day 4)    616076464    0.76,0.23,0.02    1159,321,2067,15330,56292,5194,2831,14
2018-08-24(Day 5)    525107079    0.67,0.30,0.02    1161,338,2013,12259,35818,5720,2831,14
2018-08-25(Day 6)    437239828    0.74,0.23,0.02    1157,265,2373,88,32247,5181,2831,14
2018-08-26(Day 0)    471101785    0.75,0.22,0.02    1211,250,2517,6452,35365,2545,2831,14
2018-08-27(Day 1)    514162028    0.72,0.26,0.02    1199,312,2448,3149,37728,4167,2831,14
2018-08-28(Day 2)    512057764    0.71,0.27,0.02    1276,311,2392,11588,36950,5237,1831,24
2018-08-29(Day 3)    600475364    0.69,0.28,0.03    1276,313,2587,4399,40217,5876,2831,14
